Version 0.9.7
9
 4 10 175 77 128 0 1
 5 80 400 206 81 2 2
 0 134 103 877 276 8 3
 1 107 438 206 81 142 4
 3 106 524 203 58 152 5
 1 104 591 206 81 161 6
 3 104 747 203 58 180 8
 3 105 680 203 58 201 9
 3 392 27 203 58 214 10
 0
24
 255 5 71 189 71 189 71 117 71 117 187 117 187 117 0 1 0 3
 0 5 71 288 71 288 71 349 187 349 187 351 187 351 0 1 0 3
 0 5 954 351 954 351 1026 351 1026 130 954 130 954 130 0 3 0 3
 255 5 954 117 954 117 1045 117 1045 364 954 364 954 364 0 3 0 3
 255 5 200 169 200 169 200 169 200 117 200 117 200 117 0 3 0 3
 0 5 278 312 278 312 278 312 278 351 278 351 278 351 0 3 0 3
 255 5 122 449 122 449 101 449 101 378 187 378 187 364 0 4 0 3
 255 5 119 602 100 602 100 378 200 378 200 364 200 364 0 6 0 3
 64 5 117 561 117 561 89 561 89 351 213 351 213 351 0 5 0 3
 64 5 122 507 122 507 88 507 88 351 200 351 200 351 0 4 0 3
 64 5 119 660 119 660 88 660 88 351 226 351 226 351 0 6 0 3
 64 5 115 784 115 784 91 784 91 351 239 351 239 351 0 8 0 3
 65535 5 296 449 296 449 296 423 200 423 200 312 200 312 0 4 0 3
 4259584 5 293 602 293 602 321 602 321 414 213 414 213 312 0 6 0 3
 16744703 5 226 312 226 403 330 403 330 791 290 791 290 791 0 3 0 8
 8454143 5 296 462 296 462 310 462 310 568 292 568 292 568 0 4 0 5
 0 5 116 717 116 717 89 717 89 351 252 351 252 351 0 9 0 3
 8453888 5 293 615 293 615 307 615 307 724 291 724 291 724 0 6 0 9
 255 5 343 169 343 169 343 169 343 117 343 117 343 117 0 3 0 3
 0 5 421 312 421 312 421 312 421 351 421 351 421 351 0 3 0 3
 65535 5 200 299 200 299 200 304 343 304 343 299 343 299 0 3 0 3
 8453888 5 213 299 213 299 213 293 356 293 356 299 356 299 0 3 0 3
 16711808 5 578 71 584 71 584 246 369 246 369 273 369 273 0 10 0 3
 0 5 403 64 403 64 401 64 401 130 395 130 395 130 0 10 0 3
2
 7086 1 14 194 221 5 0 0 0 3
 7008 1 14 337 221 5 0 0 0 3
