Version 0.9.7
8
 4 10 175 77 128 0 1
 5 80 400 206 81 2 2
 0 130 96 877 276 8 3
 1 121 404 206 81 150 5
 3 123 492 203 58 160 6
 3 121 644 203 58 179 8
 1 120 552 206 81 188 9
 3 133 28 203 58 200 10
 0
20
 255 5 71 189 71 189 71 109 183 109 183 110 183 110 0 1 0 3
 255 5 950 110 950 110 1042 110 1042 357 950 357 950 357 0 3 0 3
 0 5 71 288 71 288 71 344 71 344 183 344 183 344 0 1 0 3
 0 5 950 344 950 344 1021 344 1021 123 950 123 950 123 0 3 0 3
 0 5 287 305 287 305 287 305 287 344 287 344 287 344 0 3 0 3
 255 5 209 162 209 162 209 162 209 110 209 110 209 110 0 3 0 3
 16776960 5 209 305 209 305 127 305 127 391 310 391 310 415 0 3 0 5
 0 5 136 473 136 473 72 473 72 344 196 344 196 344 0 5 0 3
 16744703 5 222 305 222 384 343 384 343 563 309 563 309 563 0 3 0 9
 16776960 5 310 428 310 428 334 428 334 536 309 536 309 536 0 5 0 6
 16744703 5 309 576 309 576 344 576 344 688 307 688 307 688 0 9 0 8
 0 5 135 621 135 621 73 621 73 344 222 344 222 344 0 9 0 3
 0 5 132 681 132 681 73 681 73 344 235 344 235 344 0 8 0 3
 255 5 135 563 135 563 86 563 86 357 183 357 183 357 0 9 0 3
 0 5 144 65 144 65 84 65 84 123 183 123 183 123 0 10 0 3
 10485760 5 235 305 235 305 235 247 319 247 319 72 319 72 0 3 0 10
 0 5 134 529 134 529 72 529 72 344 248 344 248 344 0 6 0 3
 255 5 136 415 136 415 87 415 87 357 196 357 196 357 0 5 0 3
 255 5 352 162 352 162 352 162 352 123 352 123 352 123 0 3 0 3
 0 5 430 305 430 305 430 305 430 344 430 344 430 344 0 3 0 3
2
 7086 1 14 203 214 5 0 0 0 3
 7008 1 14 346 214 5 0 0 0 3
